eval_loss: 0.08443553000688553
eval_precision: 0.9291793313069909
eval_recall: 0.9634415379766782
eval_f1: 0.9460003094538141
eval_accuracy: 0.9780456947235247
eval_runtime: 8.9295
eval_samples_per_second: 12.095
eval_steps_per_second: 0.784
epoch: 3.0
