eval_loss: 0.07455887645483017
eval_precision: 0.9618100128369704
eval_recall: 0.9639755548407848
eval_f1: 0.9628915662650601
eval_accuracy: 0.9829942301852415
eval_runtime: 16.6587
eval_samples_per_second: 6.483
eval_steps_per_second: 0.42
epoch: 3.0
